8
8
8
8
8
8
8
8
8
8
8
8
8
8
8
8
8
8
8
8
9
9
9
9
9
9
9
9
9
9
9
9
9
9
9
9
9
9
9
9
10
10
10
10
10
10
10
10
10
10
10
10
10
11
11
11
11
11
11
11
11
11
11
11
11
11
12
12
12
12
12
12
12
12
12
12
12
12
12
12
13
13
13
13
13
13
13
13
13
13
14
14
14
14
14
14
14
14
14
14
14
14
15
15
15
15
15
15
15
15
15
15
15
15
16
16
16
16
16
16
16
16
16
16
16
16
17
17
17
17
17
17
17
17
18
18
18
18
18
18
18
18
18
18
18
18
19
19
19
19
19
19
19
19
19
20
20
20
20
20
20
20
20
20
21
21
21
21
21
21
21
22
22
22
22
22
22
22
22
22
23
23
23
23
23
24
24
24
25
25
25
25
25
25
25
26
26
26
26
26
26
26
27
27
27
28
28
28
28
28
28
28
28
28
28
29
29
29
29
29
30
31
31
31
31
31
32
32
32
32
32
33
33
33
33
33
33
33
33
34
34
34
34
34
35
35
35
35
36
37
37
38
38
38
38
38
38
38
39
39
39
40
40
40
41
41
41
41
42
42
43
43
43
43
44
45
45
45
46
46
46
47
47
47
47
48
48
48
49
49
49
50
50
50
51
51
51
51
52
52
53
53
54
54
54
54
55
55
55
55
56
56
56
56
57
57
57
57
57
58
58
58
58
59
59
59
60
60
60
60
60
61
61
61
61
61
61
61
61
62
62
62
63
63
63
63
63
64
64
64
64
65
65
65
65
66
66
66
67
68
68
68
71
71
72
73
74
75
75
76
77
78
79
79
79
81
82
83
84
84
84
84
85
85
85
87
87
89
89
90
90
90
90
90
90
91
93
93
94
94
95
97
97
97
97
100
100
101
101
103
104
104
104
105
106
107
108
108
108
108
110
111
112
112
113
114
114
115
116
118
118
119
120
120
122
124
125
126
129
130
130
131
131
132
133
133
133
134
135
135
136
137
137
139
140
141
142
142
142
145
146
148
148
150
150
151
152
152
153
153
154
157
160
162
162
163
163
163
164
165
167
168
168
169
169
172
173
173
174
175
176
176
177
181
181
186
186
186
187
188
190
190
191
194
194
195
196
198
200
201
202
204
204
205
208
210
211
214
215
215
215
215
216
216
218
218
220
221
222
224
224
225
225
226
227
228
229
233
234
235
236
239
242
244
251
251
253
253
253
254
255
256
256
257
267
268
268
269
270
271
272
273
277
280
280
283
284
285
296
297
300
300
306
307
308
309
311
313
314
314
316
317
318
320
321
321
321
322
324
325
325
331
334
335
337
338
345
345
346
346
346
347
348
353
353
353
360
365
367
368
368
370
376
378
383
389
390
391
392
393
394
399
405
408
409
411
412
415
415
419
419
421
425
431
434
440
441
441
442
444
453
453
453
454
456
458
459
460
461
463
466
468
471
472
476
479
488
498
498
502
518
523
524
526
527
536
540
554
556
559
564
564
566
569
572
577
582
583
585
595
598
603
606
622
628
630
631
632
635
637
640
646
646
647
648
651
658
662
664
666
675
676
676
680
684
689
691
693
702
706
707
714
721
729
733
736
737
739
750
756
767
771
772
774
784
790
791
794
796
799
802
810
815
826
828
829
830
837
849
855
855
866
867
869
871
875
876
879
899
900
906
906
909
911
912
916
916
917
925
937
943
962
968
969
972
994
994
1003
1012
1013
1018
1020
1023
1028
1033
1034
1040
1048
1048
1049
1056
1056
1074
1078
1079
1080
1093
1098
1109
1132
1143
1146
1147
1155
1156
1177
1185
1187
1189
1191
1202
1216
1217
1218
1223
1223
1231
1259
1270
1288
1299
1301
1305
1326
1335
1336
1357
1366
1368
1377
1378
1389
1391
1399
1408
1410
1416
1449
1457
1478
1486
1495
1495
1496
1500
1511
1513
1516
1527
1543
1544
1567
1615
1621
1658
1658
1660
1674
1694
1694
1702
1719
1728
1730
1737
1749
1758
1769
1772
1782
1784
1799
1806
1813
1817
1821
1827
1836
1839
1842
1853
1877
1879
1887
1896
1902
1914
1917
1920
1969
1973
1995
2029
2030
2034
2040
2068
2073
2075
2098
2104
2128
2133
2135
2135
2140
2144
2155
2162
2168
2175
2176
2200
2212
2220
2226
2246
2249
2300
2361
2368
2369
2372
2378
2379
2382
2406
2408
2417
2422
2427
2432
2451
2451
2471
2471
2505
2512
2532
2533
2547
2547
2564
2573
2605
2614
2620
2664
2683
2706
2709
2731
2753
2764
2769
2771
2789
2796
2802
2815
2852
2892
2904
2922
2941
2949
2960
2969
2976
3009
3028
3029
3059
3070
3070
3078
3105
3110
3112
3112
3136
3159
3192
3206
3229
3239
3241
3250
3278
3321
3348
3355
3371
3428
3434
3446
3459
3525
3529
3529
3602
3652
3703
3716
3723
3783
3844
3847
3933
3963
