8
8
8
8
8
8
9
9
9
10
10
10
10
11
11
12
12
12
12
12
12
13
14
14
14
15
15
15
16
16
17
17
18
18
19
20
20
20
21
21
23
24
25
26
28
28
28
32
38
38
40
41
42
42
43
43
47
48
50
51
52
53
55
55
55
58
61
62
63
64
64
66
72
73
76
82
84
84
84
87
90
93
101
103
104
106
114
116
118
126
131
134
137
150
152
162
169
169
176
186
190
190
202
204
221
225
226
235
251
253
257
269
273
300
308
321
322
334
346
347
370
383
390
425
431
440
441
453
456
458
459
460
488
527
564
569
598
622
676
676
680
691
707
733
736
737
767
794
849
916
925
943
1018
1028
1056
1079
1080
1143
1191
1399
1516
1543
1544
1621
1674
1694
1702
1772
1782
1784
1821
1827
1842
1879
1887
1995
2040
2133
2135
2135
2155
2175
2300
2361
2378
2382
2417
2451
2471
2573
2620
2683
2709
2789
3112
3192
3239
3278
3355
3371
